0.192408 0.003597
0.208433 0.027878
0.224238 0.051824
0.239826 0.075442
0.255202 0.098739
0.270370 0.121722
0.285335 0.144395
0.300100 0.166767
0.314670 0.188842
0.329047 0.210626
0.343237 0.232126
0.357243 0.253347
0.371068 0.274294
0.384715 0.294972
0.398189 0.315387
0.411492 0.335543
0.424628 0.355446
0.437600 0.375100
0.450411 0.394510
0.463063 0.413680
0.475560 0.432615
0.487905 0.451320
0.500100 0.469797
0.512148 0.488052
0.524052 0.506088
0.535814 0.523910
0.547437 0.541520
0.558924 0.558924
0.570275 0.576123
0.581495 0.593123
0.592586 0.609927
0.603548 0.626537
0.614386 0.642957
0.625100 0.659191
0.635693 0.675241
0.646167 0.691111
0.656525 0.706804
0.666767 0.722322
0.676896 0.737669
0.686913 0.752847
0.696821 0.767860
0.706622 0.782709
0.716316 0.797397
0.725906 0.811928
0.735394 0.826303
0.744781 0.840526
0.754068 0.854597
0.763258 0.868521
0.772351 0.882299
0.781350 0.895933
0.790255 0.909426
0.799069 0.922780
0.807792 0.935997
0.816427 0.949080
0.824973 0.962029
0.833433 0.974847
0.841809 0.987537
0.850100 0.000100
0.858309 0.012538
0.866437 0.024852
0.874484 0.037046
0.882453 0.049120
0.890344 0.061076
0.898158 0.072916
0.905897 0.084641
0.913562 0.096254
0.921153 0.107756
0.928671 0.119148
0.936119 0.130432
0.943496 0.141609
0.950804 0.152682
0.958044 0.163651
0.965216 0.174519
0.972322 0.185285
0.979363 0.195953
0.986339 0.206522
0.993251 0.216995
0.000100 0.227373
0.006887 0.237657
0.013614 0.247848
0.020279 0.257948
0.026886 0.267957
0.033433 0.277878
0.039923 0.287711
0.046356 0.297457
0.052732 0.307118
0.059052 0.316694
0.065317 0.326187
0.071529 0.335598
0.077686 0.344928
0.083791 0.354177
0.089844 0.363348
0.095845 0.372440
0.101795 0.381456
0.107695 0.390395
0.113545 0.399260
0.119347 0.408050
0.125100 0.416767
0.130805 0.425411
0.136464 0.433984
0.142075 0.442487
0.147641 0.450920
0.153161 0.459284
0.158637 0.467580
0.164068 0.475809
0.169455 0.483971
0.174799 0.492068
0.180100 0.500100
0.185359 0.508068
0.190576 0.515973
0.195752 0.523815
0.200887 0.531596
0.205982 0.539316
0.211037 0.546975
0.216053 0.554575
0.221030 0.562116
0.225969 0.569598
0.230869 0.577023
0.235732 0.584391
0.240558 0.591703
0.245347 0.598959
0.250100 0.606161
0.254817 0.613308
0.259498 0.620401
0.264145 0.627441
0.268757 0.634428
0.273334 0.641364
0.277878 0.648248
0.282388 0.655082
0.286865 0.661865
0.291309 0.668598
0.295720 0.675282
0.300100 0.681918
0.304448 0.688506
0.308764 0.695046
0.313050 0.701539
0.317304 0.707985
0.321529 0.714386
0.325723 0.720741
0.329887 0.727050
0.334022 0.733316
0.338128 0.739537
0.342205 0.745714
0.346254 0.751848
0.350274 0.757940
0.354267 0.763989
0.358231 0.769996
0.362169 0.775962
0.366079 0.781887
0.369963 0.787771
0.373820 0.793615
0.377651 0.799420
0.381456 0.805185
0.385235 0.810911
0.388989 0.816598
0.392717 0.822248
0.396421 0.827859
0.400100 0.833433
0.403754 0.838970
0.407385 0.844471
0.410991 0.849935
0.414574 0.855363
0.418133 0.860756
0.421669 0.866113
0.425181 0.871436
0.428671 0.876723
0.432139 0.881977
0.435584 0.887197
0.439007 0.892383
0.442408 0.897536
0.445787 0.902656
0.449145 0.907743
0.452481 0.912798
0.455796 0.917822
0.459091 0.922813
0.462364 0.927773
0.465617 0.932702
0.468850 0.937600
0.472063 0.942468
0.475255 0.947305
0.478428 0.952112
0.481581 0.956890
0.484715 0.961638
0.487830 0.966358
0.490926 0.971048
0.494002 0.975710
0.497060 0.980343
0.500100 0.984948
0.503121 0.989526
0.506124 0.994076
0.509109 0.998598
0.512076 0.003094
0.515025 0.007563
0.517957 0.012005
0.520872 0.016420
0.523769 0.020810
0.526649 0.025174
0.529512 0.029512
0.532358 0.033824
0.535188 0.038112
0.538001 0.042374
0.540798 0.046612
0.543578 0.050825
0.546343 0.055013
0.549091 0.059178
0.551824 0.063318
0.554541 0.067435
0.557243 0.071529
0.559929 0.075599
0.562600 0.079645
0.565256 0.083669
0.567897 0.087671
0.570523 0.091649
0.573134 0.095606
0.575730 0.099540
0.578312 0.103452
0.580880 0.107342
0.583433 0.111211
0.585973 0.115058
0.588498 0.118885
0.591009 0.122690
0.593507 0.126474
0.595990 0.130237
0.598461 0.133980
0.600917 0.137702
0.603361 0.141404
0.605791 0.145086
0.608208 0.148749
0.610612 0.152391
0.613003 0.156014
0.615382 0.159617
0.617747 0.163202
0.620100 0.166767
0.622440 0.170313
0.624768 0.173840
0.627084 0.177349
0.629388 0.180839
0.631679 0.184311
0.633958 0.187764
0.636226 0.191199
0.638481 0.194617
0.640725 0.198017
0.642957 0.201399
0.645178 0.204763
0.647387 0.208110
0.649585 0.211440
0.651771 0.214753
0.653946 0.218049
0.656110 0.221328
0.658263 0.224590
0.660405 0.227835
0.662537 0.231064
0.664657 0.234277
0.666767 0.237474
0.668866 0.240654
0.670954 0.243819
0.673032 0.246967
0.675100 0.250100
0.677157 0.253217
0.679204 0.256319
0.681241 0.259405
0.683268 0.262476
0.685285 0.265532
0.687292 0.268573
0.689289 0.271599
0.691276 0.274610
0.693254 0.277606
0.695222 0.280588
0.697180 0.283555
0.699129 0.286508
0.701069 0.289446
0.702999 0.292371
0.704919 0.295281
0.706831 0.298177
0.708733 0.301059
0.710626 0.303928
0.712511 0.306783
0.714386 0.309624
0.716252 0.312452
0.718109 0.315266
0.719958 0.318067
0.721798 0.320855
0.723629 0.323629
0.725452 0.326391
0.727266 0.329140
0.729072 0.331876
0.730869 0.334599
0.732658 0.337309
0.734439 0.340007
0.736211 0.342693
0.737975 0.345366
0.739731 0.348026
0.741479 0.350675
0.743219 0.353311
0.744951 0.355935
0.746675 0.358547
0.748392 0.361148
0.750100 0.363736
0.751801 0.366313
0.753494 0.368878
0.755179 0.371432
0.756857 0.373974
0.758527 0.376504
0.760190 0.379024
0.761845 0.381532
0.763493 0.384029
0.765133 0.386514
0.766767 0.388989
0.768393 0.391453
0.770012 0.393905
0.771623 0.396347
0.773228 0.398778
0.774825 0.401199
0.776416 0.403609
0.777999 0.406008
0.779576 0.408397
0.781146 0.410775
0.782709 0.413143
0.784265 0.415501
0.785814 0.417849
0.787357 0.420186
0.788893 0.422514
0.790423 0.424831
0.791945 0.427139
0.793462 0.429436
0.794972 0.431724
0.796475 0.434002
0.797972 0.436270
0.799463 0.438529
0.800947 0.440778
0.802426 0.443018
0.803897 0.445248
0.805363 0.447468
0.806823 0.449680
0.808276 0.451882
0.809723 0.454075
0.811165 0.456259
0.812600 0.458433
0.814029 0.460599
0.815453 0.462756
0.816870 0.464903
0.818282 0.467042
0.819688 0.469172
0.821088 0.471293
0.822482 0.473406
0.823870 0.475510
0.825253 0.477605
0.826631 0.479692
0.828002 0.481770
0.829368 0.483840
0.830729 0.485901
0.832084 0.487954
0.833433 0.489999
0.834777 0.492035
0.836116 0.494064
0.837449 0.496084
0.838777 0.498096
0.840100 0.500100
